Subj
RS 
PB 
LS
DM 
TM
GB 
DV 
DO 
RP 
DE
SD1 
SD2 
TV 
Avg 
SD

Gray Matter

k1
0.120 0.072 0.123 0.086 0.081  0.143 0.093 0.077 0.086 0.109 0.061 0.143 0.138 0.102 0.028 

k2
0.107 0.107 0.074 0.167 0.069 0.184 0.099 0.050 0.169 0.125 0.058 0.273 0.207 0.130 0.066

k3
0.044 0.057 0.029 0.086 0.074 0.068 0.074 0.041 0.069 0.067 0.047 0.096 0.052 0.062 0.019

k4
0.0059 0.0069 0.0074 0.0073 0.0073 0.0082 0.0060 0.0093 0.0042 0.0070 0.0079 0.0058 0.0048 0.0068 0.0014

\frac{k1 k3}{k2 + k3}
0.0348 0.0252 0.0346 0.0293 0.0416 0.0385 0.0398 0.0347 0.0250 0.0382 0.0273 0.0371 0.0277 0.0334 0.0058 



White Matter

k1 
0.074 0.030 0.044 0.047 0.060 0.054 0.042 0.060 0.072 0.054 0.014

k2
0.103 0.054 0.048 0.148 0.123 0.098 0.076 0.164 0.164 0.109 0.044

k3
0.029 0.030 0.020 0.064 0.071 0.053 0.038 0.068 0.034 0.045 0.019

k4
0.0038 0.0052 0.0062 0.0068 0.0028 0.0078 0.0073 0.0073 0.0050 0.0058 0.0017


\frac{k1 k3}{k2 + k3}
0.0162 0.0109 0.0130 0.0143 0.0219 0.0188 0.0140 0.0175 0.0124 0.0154 0.0035

\frac{\overbar{k1 k3}{\overbar{k2 + k3}}
0.0255 0.0180 0.0238  0.0264 0.0283 0.0285 0.0207 0.0273 0.0201 0.0243 0.0039 

Cp, mg/100 mL
92 98 87 112 81 99 84 86 81 91 88 89 107 91.9 9.6



Lumped Constant
0.436
0.328
0.385
0.486
0.452
0.482
0.338
0.452
0.400
0.418
0.058




